name: testing
channels:
  - conda-forge
dependencies:
  - asttokens=3.0.0=pyhd8ed1ab_1
  - bzip2=1.0.8=h2466b09_7
  - ca-certificates=2025.7.9=h4c7d964_0
  - colorama=0.4.6=pyhd8ed1ab_1
  - comm=0.2.2=pyhd8ed1ab_1
  - cpython=3.13.5=py313hd8ed1ab_102
  - debugpy=1.8.14=py313h5813708_0
  - decorator=5.2.1=pyhd8ed1ab_0
  - exceptiongroup=1.3.0=pyhd8ed1ab_0
  - executing=2.2.0=pyhd8ed1ab_0
  - importlib-metadata=8.7.0=pyhe01879c_1
  - intel-openmp=2024.2.1=h57928b3_1083
  - ipykernel=6.29.5=pyh4bbf305_0
  - ipython=9.4.0=pyh6be1c34_0
  - ipython_pygments_lexers=1.1.1=pyhd8ed1ab_0
  - jedi=0.19.2=pyhd8ed1ab_1
  - jupyter_client=8.6.3=pyhd8ed1ab_1
  - jupyter_core=5.8.1=pyh5737063_0
  - krb5=1.21.3=hdf4eb48_0
  - libblas=3.9.0=31_h641d27c_mkl
  - libcblas=3.9.0=31_h5e41251_mkl
  - libexpat=2.7.0=he0c23c2_0
  - libffi=3.4.6=h537db12_1
  - libhwloc=2.11.2=default_ha69328c_1001
  - libiconv=1.18=h135ad9c_1
  - liblapack=3.9.0=31_h1aa476e_mkl
  - liblzma=5.8.1=h2466b09_0
  - libmpdec=4.0.0=h2466b09_0
  - libsodium=1.0.20=hc70643c_0
  - libsqlite=3.49.1=h67fdade_2
  - libwinpthread=12.0.0.r4.gg4f2fc60ca=h57928b3_9
  - libxml2=2.13.7=h442d1da_1
  - libzlib=1.3.1=h2466b09_2
  - matplotlib-inline=0.1.7=pyhd8ed1ab_1
  - mkl=2024.2.2=h66d3029_15
  - nest-asyncio=1.6.0=pyhd8ed1ab_1
  - numpy=2.2.5=py313hefb8edb_0
  - openssl=3.5.1=h725018a_0
  - packaging=25.0=pyh29332c3_1
  - parso=0.8.4=pyhd8ed1ab_1
  - pickleshare=0.7.5=pyhd8ed1ab_1004
  - pip=25.0.1=pyh145f28c_0
  - platformdirs=4.3.8=pyhe01879c_0
  - prompt-toolkit=3.0.51=pyha770c72_0
  - psutil=7.0.0=py313ha7868ed_0
  - pure_eval=0.2.3=pyhd8ed1ab_1
  - pygments=2.19.2=pyhd8ed1ab_0
  - python=3.13.3=h261c0b1_101_cp313
  - python-dateutil=2.9.0.post0=pyhe01879c_2
  - python_abi=3.13=7_cp313
  - pywin32=307=py313h5813708_3
  - pyzmq=27.0.0=py313h2100fd5_0
  - setuptools=79.0.1=pyhff2d567_0
  - six=1.17.0=pyhd8ed1ab_0
  - stack_data=0.6.3=pyhd8ed1ab_1
  - tbb=2021.13.0=h62715c5_1
  - tk=8.6.13=h5226925_1
  - tornado=6.5.1=py313ha7868ed_0
  - traitlets=5.14.3=pyhd8ed1ab_1
  - typing_extensions=4.14.1=pyhe01879c_0
  - tzdata=2025b=h78e105d_0
  - ucrt=10.0.22621.0=h57928b3_1
  - vc=14.3=h2b53caa_26
  - vc14_runtime=14.44.35208=h818238b_26
  - wcwidth=0.2.13=pyhd8ed1ab_1
  - zeromq=4.3.5=ha9f60a1_7
  - zipp=3.23.0=pyhd8ed1ab_0
  - pip:
      - pyaudio==0.2.14
prefix: C:\Users\u937171\AppData\Local\miniforge3\envs\testing
